---> Setting up bingo game.
Enter number of players.
4
---> Creating bingo card for Player 1
B  3  5  6  9 10
I 17 19 20 22 24
N 32 35 37 39 45
G 46 48 51 55 57
O 61 68 70 73 74

---> Creating bingo card for Player 2
B  1  3  7 10 11
I 16 23 25 28 29
N 32 34 43 44 45
G 46 53 54 55 58
O 61 62 69 72 75

---> Creating bingo card for Player 3
B  2  3  6 10 12
I 16 20 21 23 25
N 31 32 37 39 45
G 47 48 50 52 53
O 65 67 71 73 74

---> Creating bingo card for Player 4
B  1  6  7  8 10
I 22 24 26 27 30
N 34 37 40 41 44
G 46 48 52 53 54
O 62 65 68 71 74

---> Starting the game with 4 players:
     *********************************

---> Calling: G 55
Player 1's card:
B  3  5  6  9 10
I 17 19 20 22 24
N 32 35 37 39 45
G  0 46 48 51 55 57
O 61 68 70 73 74

Player 2's card:
B  1  3  7 10 11
I 16 23 25 28 29
N 32 34 43 44 45
G  0 46 53 54 55 58
O 61 62 69 72 75

Player 3's card:
B  2  3  6 10 12
I 16 20 21 23 25
N 31 32 37 39 45
G 47 48 50 52 53
O 65 67 71 73 74

Player 4's card:
B  1  6  7  8 10
I 22 24 26 27 30
N 34 37 40 41 44
G 46 48 52 53 54
O 62 65 68 71 74

---> Calling: O 72
Player 1's card:
B  3  5  6  9 10
I 17 19 20 22 24
N 32 35 37 39 45
G  0 46 48 51 55 57
O 61 68 70 73 74

Player 2's card:
B  1  3  7 10 11
I 16 23 25 28 29
N 32 34 43 44 45
G  0 46 53 54 55 58
O  0 61 62 69 72 75

Player 3's card:
B  2  3  6 10 12
I 16 20 21 23 25
N 31 32 37 39 45
G 47 48 50 52 53
O 65 67 71 73 74

Player 4's card:
B  1  6  7  8 10
I 22 24 26 27 30
N 34 37 40 41 44
G 46 48 52 53 54
O 62 65 68 71 74

---> Calling: I 30
Player 1's card:
B  3  5  6  9 10
I 17 19 20 22 24
N 32 35 37 39 45
G  0 46 48 51 55 57
O 61 68 70 73 74

Player 2's card:
B  1  3  7 10 11
I 16 23 25 28 29
N 32 34 43 44 45
G  0 46 53 54 55 58
O  0 61 62 69 72 75

Player 3's card:
B  2  3  6 10 12
I 16 20 21 23 25
N 31 32 37 39 45
G 47 48 50 52 53
O 65 67 71 73 74

Player 4's card:
B  1  6  7  8 10
I  0 22 24 26 27 30
N 34 37 40 41 44
G 46 48 52 53 54
O 62 65 68 71 74

---> Calling: O 74
Player 1's card:
B  3  5  6  9 10
I 17 19 20 22 24
N 32 35 37 39 45
G  0 46 48 51 55 57
O  0 61 68 70 73 74

Player 2's card:
B  1  3  7 10 11
I 16 23 25 28 29
N 32 34 43 44 45
G  0 46 53 54 55 58
O  0 61 62 69 72 75

Player 3's card:
B  2  3  6 10 12
I 16 20 21 23 25
N 31 32 37 39 45
G 47 48 50 52 53
O  0 65 67 71 73 74

Player 4's card:
B  1  6  7  8 10
I  0 22 24 26 27 30
N 34 37 40 41 44
G 46 48 52 53 54
O  0 62 65 68 71 74

---> Calling: I 17
Player 1's card:
B  3  5  6  9 10
I  0 17 19 20 22 24
N 32 35 37 39 45
G  0 46 48 51 55 57
O  0 61 68 70 73 74

Player 2's card:
B  1  3  7 10 11
I 16 23 25 28 29
N 32 34 43 44 45
G  0 46 53 54 55 58
O  0 61 62 69 72 75

Player 3's card:
B  2  3  6 10 12
I 16 20 21 23 25
N 31 32 37 39 45
G 47 48 50 52 53
O  0 65 67 71 73 74

Player 4's card:
B  1  6  7  8 10
I  0 22 24 26 27 30
N 34 37 40 41 44
G 46 48 52 53 54
O  0 62 65 68 71 74

---> Calling: O 66
Player 1's card:
B  3  5  6  9 10
I  0 17 19 20 22 24
N 32 35 37 39 45
G  0 46 48 51 55 57
O  0 61 68 70 73 74

Player 2's card:
B  1  3  7 10 11
I 16 23 25 28 29
N 32 34 43 44 45
G  0 46 53 54 55 58
O  0 61 62 69 72 75

Player 3's card:
B  2  3  6 10 12
I 16 20 21 23 25
N 31 32 37 39 45
G 47 48 50 52 53
O  0 65 67 71 73 74

Player 4's card:
B  1  6  7  8 10
I  0 22 24 26 27 30
N 34 37 40 41 44
G 46 48 52 53 54
O  0 62 65 68 71 74

---> Calling: O 62
Player 1's card:
B  3  5  6  9 10
I  0 17 19 20 22 24
N 32 35 37 39 45
G  0 46 48 51 55 57
O  0 61 68 70 73 74

Player 2's card:
B  1  3  7 10 11
I 16 23 25 28 29
N 32 34 43 44 45
G  0 46 53 54 55 58
O  0 61 62 69 72 75

Player 3's card:
B  2  3  6 10 12
I 16 20 21 23 25
N 31 32 37 39 45
G 47 48 50 52 53
O  0 65 67 71 73 74

Player 4's card:
B  1  6  7  8 10
I  0 22 24 26 27 30
N 34 37 40 41 44
G 46 48 52 53 54
O  0 62 65 68 71 74

---> Calling: B 1
Player 1's card:
B  3  5  6  9 10
I  0 17 19 20 22 24
N 32 35 37 39 45
G  0 46 48 51 55 57
O  0 61 68 70 73 74

Player 2's card:
B  0  1  3  7 10 11
I 16 23 25 28 29
N 32 34 43 44 45
G  0 46 53 54 55 58
O  0 61 62 69 72 75

Player 3's card:
B  2  3  6 10 12
I 16 20 21 23 25
N 31 32 37 39 45
G 47 48 50 52 53
O  0 65 67 71 73 74

Player 4's card:
B  0  1  6  7  8 10
I  0 22 24 26 27 30
N 34 37 40 41 44
G 46 48 52 53 54
O  0 62 65 68 71 74

---> Calling: I 20
Player 1's card:
B  3  5  6  9 10
I  0 17 19 20 22 24
N 32 35 37 39 45
G  0 46 48 51 55 57
O  0 61 68 70 73 74

Player 2's card:
B  0  1  3  7 10 11
I 16 23 25 28 29
N 32 34 43 44 45
G  0 46 53 54 55 58
O  0 61 62 69 72 75

Player 3's card:
B  2  3  6 10 12
I  0 16 20 21 23 25
N 31 32 37 39 45
G 47 48 50 52 53
O  0 65 67 71 73 74

Player 4's card:
B  0  1  6  7  8 10
I  0 22 24 26 27 30
N 34 37 40 41 44
G 46 48 52 53 54
O  0 62 65 68 71 74

---> Calling: B 2
Player 1's card:
B  3  5  6  9 10
I  0 17 19 20 22 24
N 32 35 37 39 45
G  0 46 48 51 55 57
O  0 61 68 70 73 74

Player 2's card:
B  0  1  3  7 10 11
I 16 23 25 28 29
N 32 34 43 44 45
G  0 46 53 54 55 58
O  0 61 62 69 72 75

Player 3's card:
B  0  2  3  6 10 12
I  0 16 20 21 23 25
N 31 32 37 39 45
G 47 48 50 52 53
O  0 65 67 71 73 74

Player 4's card:
B  0  1  6  7  8 10
I  0 22 24 26 27 30
N 34 37 40 41 44
G 46 48 52 53 54
O  0 62 65 68 71 74

---> Calling: N 37
Player 1's card:
B  3  5  6  9 10
I  0 17 19 20 22 24
N  0 32 35 37 39 45
G  0 46 48 51 55 57
O  0 61 68 70 73 74

Player 2's card:
B  0  1  3  7 10 11
I 16 23 25 28 29
N 32 34 43 44 45
G  0 46 53 54 55 58
O  0 61 62 69 72 75

Player 3's card:
B  0  2  3  6 10 12
I  0 16 20 21 23 25
N  0 31 32 37 39 45
G 47 48 50 52 53
O  0 65 67 71 73 74

Player 4's card:
B  0  1  6  7  8 10
I  0 22 24 26 27 30
N  0 34 37 40 41 44
G 46 48 52 53 54
O  0 62 65 68 71 74

---> Calling: I 23
Player 1's card:
B  3  5  6  9 10
I  0 17 19 20 22 24
N  0 32 35 37 39 45
G  0 46 48 51 55 57
O  0 61 68 70 73 74

Player 2's card:
B  0  1  3  7 10 11
I  0 16 23 25 28 29
N 32 34 43 44 45
G  0 46 53 54 55 58
O  0 61 62 69 72 75

Player 3's card:
B  0  2  3  6 10 12
I  0 16 20 21 23 25
N  0 31 32 37 39 45
G 47 48 50 52 53
O  0 65 67 71 73 74

Player 4's card:
B  0  1  6  7  8 10
I  0 22 24 26 27 30
N  0 34 37 40 41 44
G 46 48 52 53 54
O  0 62 65 68 71 74

---> Calling: G 48
Player 1's card:
B  3  5  6  9 10
I  0 17 19 20 22 24
N  0 32 35 37 39 45
G  0 46 48 51 55 57
O  0 61 68 70 73 74

Player 2's card:
B  0  1  3  7 10 11
I  0 16 23 25 28 29
N 32 34 43 44 45
G  0 46 53 54 55 58
O  0 61 62 69 72 75

Player 3's card:
B  0  2  3  6 10 12
I  0 16 20 21 23 25
N  0 31 32 37 39 45
G  0 47 48 50 52 53
O  0 65 67 71 73 74

Player 4's card:
B  0  1  6  7  8 10
I  0 22 24 26 27 30
N  0 34 37 40 41 44
G  0 46 48 52 53 54
O  0 62 65 68 71 74

!!! Player 3 says BINGO !!!
!!! Player 4 says BINGO !!!
13 chips were pulled

Process finished with exit code 0
